time:	0.0000000000000000
step:	0.1000000000000000
nodes:	11
eps:	0.0000000000000001
loss:	0.0000000000000000
