time:	0.0000000
step:	0.1000000
nodes:	11
eps:	1.00e-016
loss:	5.55e-030
