time:	0.000000
step:	0.001000
eps:	0.001000
nodes:	2001
loss:	0.000000
