time:	0.0070000
step:	0.0250000
nodes:	81
eps:	1.00e-016
loss:	3.51e-017
