time:	0.0000000
step:	0.1000000
nodes:	31
eps:	1.00e-016
loss:	6.47e-026
