time:	0.0040000000000000
step:	0.0250000000000000
nodes:	121
eps:	0.0000000000000001
loss:	0.0000000000000000
