time:	0.0010000
step:	0.0250000
nodes:	121
eps:	1.00e-016
loss:	1.76e-018
