time:	0.0030000
step:	0.0125000
nodes:	81
eps:	1.00e-016
loss:	1.09e-018
