time:	0.0030000000000000
step:	0.0125000000000000
nodes:	81
eps:	0.0000000000000001
loss:	0.0000000000000000
