time:	0.001000
step:	0.001000
eps:	0.001000
nodes:	1001
loss:	1.195649
