time:	0.0020000
step:	0.0031250
nodes:	321
eps:	1.00e-016
loss:	1.27e-018
