time:	0.0050000000000000
step:	0.0031250000000000
nodes:	321
eps:	0.0000000000000001
loss:	0.0000000000000000
